31.52668772838067
31.53
30.14
30.82
30.08
30.41
30.95
31.97
32.60
32.48
32.47
30.44
25.73
20.75
17.17
12.32
7.80
6.19
6.00
6.13
6.89
8.76
9.35
11.31
12.19
13.81
16.34
17.71
19.67
20.98
22.09
24.35
24.58
26.51
27.54
27.96
29.08
29.31
29.56
30.25
14.535780222555177
14.54
15.13
14.71
14.24
14.93
15.45
16.04
16.98
17.55
16.66
16.70
16.47
16.43
15.58
14.57
14.15
13.50
14.52
15.58
16.14
17.33
18.37
18.54
19.12
20.18
20.04
20.48
21.53
21.92
21.66
21.57
21.20
20.01
18.15
16.97
15.67
14.02
13.69
13.21
12.57
